
---------------------------------------------------------------------------------------------------------------------------------------------
                                                GW2        Setal2        GM2         SW2         BCH1        ABetal3       vZZS1        V2   
---------------------------------------------------------------------------------------------------------------------------------------------
p₁                                               0.494       0.431         0.46       0.702            1        0.635            1      0.508
                                             (0.00338)    (0.0307)      (0.114)    (0.0143)          (0)     (0.0248)          (0)   (0.0694)
p₂                                               0.506       0.569         0.54       0.298                         0                   0.492
                                             (0.00338)    (0.0307)      (0.114)    (0.0143)                       (0)                (0.0694)
p₃                                                                                                              0.365                        
                                                                                                             (0.0248)                        
μ₁                                                1.13        1.15         1.09       0.801    -1.51e-14        0.565       -0.186       0.57
                                             (0.00511)    (0.0518)     (0.0662)    (0.0209)      (0.154)     (0.0195)      (0.011)    (0.113)
τ₁                                                1.15         1.2        0.483        2.12         2.13         1.33        0.991       1.08
                                             (0.00703)    (0.0711)      (0.322)    (0.0462)      (0.027)     (0.0693)     (0.0343)    (0.228)
τ₂                                                3.29        3.69         2.97        7.65                         1                    3.97
                                             (0.00583)    (0.0563)      (0.413)     (0.114)                       (5)                 (0.281)
τ₃                                                                                                               3.35                        
                                                                                                             (0.0748)                        
ν₁                                                 124         162         4.04        7.91         4.83          121          6.6        142
                                             (0.00299)    (0.0274)       (5.24)      (2.24)      (0.223)     (0.0257)       (1.56)    (0.101)
ν₂                                                 124         188         39.2         150                  1.37e-23                     149
                                            (0.000943)   (0.00762)        (100)   (0.00777)                (1.87e-34)                (0.0385)
ν₃                                                                                                                144                        
                                                                                                             (0.0113)                        
pF                                               0.221       0.374     6.49e-32           0     8.68e-32            0            0          0
                                             (0.00668)    (0.0622)      (1e-16)         (0)   (3.42e-17)          (0)          (0)        (0)
pH                                               0.559       0.395        0.359       0.213        0.139        0.208        0.133     0.0782
                                             (0.00589)    (0.0543)     (0.0419)    (0.0132)     (0.0141)     (0.0155)     (0.0161)   (0.0539)
pD                                               0.189       0.178        0.466        0.43        0.286        0.391     9.04e-21          0
                                             (0.00138)    (0.0199)     (0.0883)    (0.0494)      (0.062)     (0.0573)   (9.76e-11)        (0)
pR                                              0.0307      0.0524        0.175       0.357        0.575        0.401        0.867      0.922
                                             (0.00156)     (0.022)     (0.0735)    (0.0456)     (0.0653)      (0.056)     (0.0161)   (0.0539)
σ                                                0.813       0.689        0.664       0.706        0.284         0.75          3.3      0.642
                                             (0.00435)    (0.0555)      (0.168)    (0.0868)     (0.0772)     (0.0782)     (0.0838)    (0.304)
m                                                 9.65        16.8         9.44        14.1          217         11.3         2.06       40.8
                                               (0.187)      (6.09)       (6.66)      (5.71)        (490)       (3.94)      (0.377)      (134)
fraction_insignificant_file_drawered             0.301       0.458      8.2e-32           0     9.57e-32            0            0          0
                                             (0.00795)    (0.0616)   (1.27e-16)         (0)   (3.77e-17)          (0)          (0)        (0)
fraction_insignificant_published_as_is           0.231       0.242        0.687       0.824         0.92        0.834        0.888      0.947
                                             (0.00159)    (0.0161)     (0.0366)   (0.00953)     (0.0111)     (0.0129)     (0.0094)   (0.0417)
fraction_published_insignificant_p_hacked        0.261       0.171        0.112       0.058       0.0279       0.0769       0.0902     0.0304
                                              (0.0018)    (0.0166)     (0.0172)   (0.00348)    (0.00299)     (0.0067)    (0.00835)   (0.0249)
fraction_significant_p_hacked                   0.0444      0.0261       0.0723      0.0198       0.0163       0.0256     1.74e-22          0
                                            (0.000357)   (0.00315)      (0.015)   (0.00289)    (0.00435)    (0.00462)   (1.88e-12)        (0)
---------------------------------------------------------------------------------------------------------------------------------------------
N                                            1,262,710      10,209        1,752      28,937       19,638       16,277       23,474        548
---------------------------------------------------------------------------------------------------------------------------------------------

